0 0.035030 0.102823 0.036794 0.036290
0 0.103831 0.165995 0.051411 0.041667
0 0.097782 0.011089 0.019153 0.020833
0 0.103075 0.280914 0.020665 0.028226
0 0.465222 0.078965 0.036290 0.045027
0 0.255292 0.031586 0.060988 0.061828
0 0.696573 0.321237 0.018145 0.036290
0 0.757560 0.014113 0.065524 0.026882
0 0.869708 0.652890 0.045867 0.088038
0 0.783266 0.618952 0.020161 0.033602
0 0.918851 0.595430 0.018145 0.030914
0 0.764869 0.930444 0.030746 0.049059
0 0.478831 0.892473 0.032258 0.047043
0 0.332157 0.938844 0.112903 0.122312
